<?xml version="1.0"?>
<opencv_storage>
<CameraMatrix type_id="opencv-matrix">
  <rows>3</rows>
  <cols>3</cols>
  <dt>d</dt>
  <data>
    4.8431524750303430e+02 0. 3.2150000000000000e+02 0.
    4.8431524750303430e+02 2.4250000000000000e+02 0. 0. 1.</data>
</CameraMatrix>
<DistortionCoeffs type_id="opencv-matrix">
  <rows>5</rows>
  <cols>1</cols>
  <dt>d</dt>
  <data>
    -3.8119110115091465e-01 2.1817588824355255e-01 0. 0.
    -6.9818868358491062e-02</data>
</DistortionCoeffs>
</opencv_storage>
