<?xml version="1.0"?>
<opencv_storage>
<CameraMatrix type_id="opencv-matrix">
  <rows>3</rows>
  <cols>3</cols>
  <dt>d</dt>
  <data>
    4.9138001724569580e+02 0. 3.2150000000000000e+02 0.
    4.9138001724569580e+02 2.4250000000000000e+02 0. 0. 1.</data>
</CameraMatrix>
<DistortionCoeffs type_id="opencv-matrix">
  <rows>5</rows>
  <cols>1</cols>
  <dt>d</dt>
  <data>
    -3.4778375480877410e-01 1.4523996577806680e-01 0. 0.
    -2.6157839618351393e-02</data>
</DistortionCoeffs>
</opencv_storage>
