<?xml version="1.0"?>
<opencv_storage>
<CameraMatrix type_id="opencv-matrix">
  <rows>3</rows>
  <cols>3</cols>
  <dt>d</dt>
  <data>
    4.9432445563708586e+02 0. 3.2150000000000000e+02 0.
    4.9432445563708586e+02 2.4250000000000000e+02 0. 0. 1.</data>
</CameraMatrix>
<DistortionCoeffs type_id="opencv-matrix">
  <rows>5</rows>
  <cols>1</cols>
  <dt>d</dt>
  <data>
    -3.6401599225149156e-01 2.0142380698713988e-01 0. 0.
    -7.2345903011609702e-02</data>
</DistortionCoeffs>
</opencv_storage>
