<?xml version="1.0"?>
<opencv_storage>
<CornersAmount>48</CornersAmount>
<Corner_0>
  232 349</Corner_0>
<Corner_1>
  243 347</Corner_1>
<Corner_2>
  252 344</Corner_2>
<Corner_3>
  262 341</Corner_3>
<Corner_4>
  270 338</Corner_4>
<Corner_5>
  280 336</Corner_5>
<Corner_6>
  289 333</Corner_6>
<Corner_7>
  297 330</Corner_7>
<Corner_8>
  240 353</Corner_8>
<Corner_9>
  251 350</Corner_9>
<Corner_10>
  259 346</Corner_10>
<Corner_11>
  270 344</Corner_11>
<Corner_12>
  279 341</Corner_12>
<Corner_13>
  288 338</Corner_13>
<Corner_14>
  297 336</Corner_14>
<Corner_15>
  306 333</Corner_15>
<Corner_16>
  249 356</Corner_16>
<Corner_17>
  259 352</Corner_17>
<Corner_18>
  270 350</Corner_18>
<Corner_19>
  279 347</Corner_19>
<Corner_20>
  288 344</Corner_20>
<Corner_21>
  297 341</Corner_21>
<Corner_22>
  306 339</Corner_22>
<Corner_23>
  315 336</Corner_23>
<Corner_24>
  258 360</Corner_24>
<Corner_25>
  268 357</Corner_25>
<Corner_26>
  278 353</Corner_26>
<Corner_27>
  288 350</Corner_27>
<Corner_28>
  297 347</Corner_28>
<Corner_29>
  307 344</Corner_29>
<Corner_30>
  315 340</Corner_30>
<Corner_31>
  324 338</Corner_31>
<Corner_32>
  267 363</Corner_32>
<Corner_33>
  277 360</Corner_33>
<Corner_34>
  288 356</Corner_34>
<Corner_35>
  297 353</Corner_35>
<Corner_36>
  307 350</Corner_36>
<Corner_37>
  317 347</Corner_37>
<Corner_38>
  325 343</Corner_38>
<Corner_39>
  334 341</Corner_39>
<Corner_40>
  277 367</Corner_40>
<Corner_41>
  288 363</Corner_41>
<Corner_42>
  298 360</Corner_42>
<Corner_43>
  307 356</Corner_43>
<Corner_44>
  317 353</Corner_44>
<Corner_45>
  327 350</Corner_45>
<Corner_46>
  335 347</Corner_46>
<Corner_47>
  343 343</Corner_47>
</opencv_storage>
